version https://git-lfs.github.com/spec/v1
oid sha256:4cff0529d14a4c87f2dc24994e0987481ee3127ae7e3e8f82e1d2f38e5207e6f
size 91920
